<SOLUTION>
<TOPOOPTDATA>
<HEADER>
 <COLUMN ID="    1">Iteration</COLUMN>
 <COLUMN ID="    2">Objective</COLUMN>
 <COLUMN ID="    3">Non-dimensional_Objective</COLUMN>
 <COLUMN ID="    4">OBJCC</COLUMN>
 <COLUMN ID="    5">Mass_Constraint_62</COLUMN>
 <COLUMN ID="    6">Mass_Constraint_62_Normalized</COLUMN>
 <COLUMN ID="    7">Mass_Constraint_62_Max</COLUMN>
 <UNITS>MKS</UNITS>
</HEADER>
<COLDATA>
              0  1.975547e-01              ---              ---     6.077186e+00     2.174603e+00     3.828627e+00     
              1  5.104121e-01                1              ---     3.828627e+00     1.000000e+00     3.828627e+00     
              2  3.274812e-01         0.641601         0.358399     3.828623e+00     9.999981e-01     3.828627e+00     
              3  2.707402e-01         0.530435         0.173265     3.828624e+00     9.999987e-01     3.828627e+00     
              4  2.590227e-01         0.507477        0.0432797     3.828625e+00     9.999988e-01     3.828627e+00     
              5  2.534950e-01         0.496648        0.0213405     3.828625e+00     9.999990e-01     3.828627e+00     
              6  2.505753e-01         0.490927        0.0115179     3.828625e+00     9.999990e-01     3.828627e+00     
              7  2.486707e-01         0.487196       0.00760083     3.828625e+00     9.999991e-01     3.828627e+00     
              8  2.472966e-01         0.484504       0.00552567     3.828625e+00     9.999992e-01     3.828627e+00     
              9  2.461741e-01         0.482305       0.00453909     3.828625e+00     9.999992e-01     3.828627e+00     
             10  2.452151e-01         0.480426       0.00389561     3.828625e+00     9.999992e-01     3.828627e+00     
             11  2.443626e-01         0.478756       0.00347639     3.828625e+00     9.999993e-01     3.828627e+00     
             12  2.435869e-01         0.477236       0.00317469     3.828626e+00     9.999993e-01     3.828627e+00     
             13  2.428885e-01         0.475867       0.00286705     3.828626e+00     9.999993e-01     3.828627e+00     
             14  2.422456e-01         0.474608       0.00264685     3.828626e+00     9.999994e-01     3.828627e+00     
             15  2.416121e-01         0.473367       0.00261528     3.828626e+00     9.999994e-01     3.828627e+00     
             16  2.410251e-01         0.472217        0.0024295     3.828626e+00     9.999994e-01     3.828627e+00     
             17  2.404462e-01         0.471082       0.00240166     3.828626e+00     9.999994e-01     3.828627e+00     
             18  2.398342e-01         0.469883       0.00254538     3.828626e+00     9.999995e-01     3.828627e+00     
             19  2.391012e-01         0.468447       0.00305609     3.828626e+00     9.999995e-01     3.828627e+00     
             20  2.382592e-01         0.466798       0.00352168     3.828626e+00     9.999995e-01     3.828627e+00     
             21  2.372824e-01         0.464884       0.00409975     3.828626e+00     9.999996e-01     3.828627e+00     
             22  2.365698e-01         0.463488       0.00300296     3.828626e+00     9.999996e-01     3.828627e+00     
             23  2.359424e-01         0.462259       0.00265228     3.828626e+00     9.999997e-01     3.828627e+00     
             24  2.352511e-01         0.460904       0.00292993     3.828626e+00     9.999997e-01     3.828627e+00     
             25  2.345492e-01         0.459529       0.00298357     3.828626e+00     9.999997e-01     3.828627e+00     
             26  2.340667e-01         0.458584       0.00205699     3.828626e+00     9.999998e-01     3.828627e+00     
             27  2.336771e-01         0.457821        0.0016644     3.828626e+00     9.999998e-01     3.828627e+00     
             28  2.333537e-01         0.457187       0.00138405     3.828627e+00     9.999998e-01     3.828627e+00     
             29  2.330588e-01         0.456609       0.00126387     3.828627e+00     9.999998e-01     3.828627e+00     
             30  2.328827e-01         0.456264      0.000755462     3.828627e+00     9.999998e-01     3.828627e+00     
             31  2.327592e-01         0.456022      0.000530568     3.828627e+00     9.999999e-01     3.828627e+00     
             32  2.326638e-01         0.455835      0.000409632     3.828627e+00     9.999999e-01     3.828627e+00     
</COLDATA>
</TOPOOPTDATA>
</SOLUTION>
